 program DIFFRAD 1.0 version from 03.31.2000

 the file contains work information about
 contribution of tails
 bmom  =   6.530
 tmom  =   0.000
 lepton= 1
 ivec  = 1
 cutv  = 0.166
 npoi  = 10
 tai:  1  1  -0.1816E+09  0.0002    10065  0
 tai:  2  1  -0.1888E+11  0.0027    83193  2
 tai:  3  1  -0.1074E+10  0.0001    10263  0
 tai:  4  1  -0.2311E+11  0.0006    16137  0
 tai:  5  1  -0.1410E+09  0.0001    10065  0
 tai:  1  2  -0.1247E+10  0.0006    10131  0
 tai:  2  2  -0.6477E+10  0.0003    13761  0
 tai:  3  2  -0.4340E+10  0.0002    10527  0
 tai:  4  2  -0.9079E+10  0.0004    11847  0
 tai:  5  2  -0.1436E+10  0.0003    10263  0
 tai:  1  3  -0.1797E+09  0.0002    10923  0
 tai:  2  3  -0.1880E+11  0.0025    83325  2
 tai:  3  3  -0.1063E+10  0.0000    10395  0
 tai:  4  3  -0.2303E+11  0.0008    10527  0
 tai:  5  3  -0.1398E+09  0.0001    10527  0
 tai:   0.6823E-03   0.5876E-0410527    0
 tai:  1  1  -0.1574E+06  0.0002    10593  0
 tai:  2  1  -0.1894E+08  0.0067    95073  2
 tai:  3  1  -0.1128E+07  0.0001    10065  0
 tai:  4  1  -0.2617E+08  0.0008    73227  0
 tai:  5  1  -0.1655E+06  0.0001    10395  0
 tai:  1  2  -0.9355E+06  0.0010    73755  0
 tai:  2  2  -0.6477E+07  0.0010    18975  0
 tai:  3  2  -0.4607E+07  0.0006    10065  0
 tai:  4  2  -0.1020E+08  0.0010    10197  0
 tai:  5  2  -0.1654E+07  0.0008    10263  0
 tai:  1  3  -0.1677E+06  0.0003    10065  0
 tai:  2  3  -0.1930E+08  0.0065    95073  2
 tai:  3  3  -0.1182E+07  0.0001    10065  0
 tai:  4  3  -0.2655E+08  0.0015    90783  2
 tai:  5  3  -0.1718E+06  0.0002    10065  0
 tai:   0.7363E-06   0.1699E-0310065    0
 tai:  1  1  -0.1241E+09  0.0001    10263  0
 tai:  2  1  -0.1304E+11  0.0010    94083  0
 tai:  3  1  -0.7582E+09  0.0000    10065  0
 tai:  4  1  -0.1665E+11  0.0015    76989  2
 tai:  5  1  -0.1067E+09  0.0001    10461  0
 tai:  1  2  -0.8675E+09  0.0010    10527  0
 tai:  2  2  -0.4501E+10  0.0005    10065  0
 tai:  3  2  -0.3073E+10  0.0002    10065  0
 tai:  4  2  -0.6574E+10  0.0006    11715  0
 tai:  5  2  -0.1138E+10  0.0005    10065  0
 tai:  1  3  -0.1210E+09  0.0001    10131  0
 tai:  2  3  -0.1292E+11  0.0012    91575  2
 tai:  3  3  -0.7402E+09  0.0000    10989  0
 tai:  4  3  -0.1651E+11  0.0015    76659  2
 tai:  5  3  -0.1044E+09  0.0001    10461  0
 tai:   0.4826E-03   0.1030E-0310461    0
 tai:  1  1  -0.1656E+06  0.0004    11649  0
 tai:  2  1  -0.2277E+08  0.0080    96789  2
 tai:  3  1  -0.1518E+07  0.0001    10329  0
 tai:  4  1  -0.3719E+08  0.0064    73095  2
 tai:  5  1  -0.2624E+06  0.0003    10131  0
 tai:  1  2  -0.8364E+06  0.0019    96129  2
 tai:  2  2  -0.7836E+07  0.0010    17853  0
 tai:  3  2  -0.6090E+07  0.0006    10065  0
 tai:  4  2  -0.1448E+08  0.0010    25839  0
 tai:  5  2  -0.2767E+07  0.0010    55737  0
 tai:  1  3  -0.1598E+06  0.0005    10065  0
 tai:  2  3  -0.2254E+08  0.0087    96789  2
 tai:  3  3  -0.1481E+07  0.0001    10263  0
 tai:  4  3  -0.3689E+08  0.0060    73227  2
 tai:  5  3  -0.2576E+06  0.0002    10131  0
 tai:   0.9703E-06   0.2230E-0310131    0
 tai:  1  1  -0.6533E+08  0.0001    13167  0
 tai:  2  1  -0.7034E+10  0.0015    99231  2
 tai:  3  1  -0.4204E+09  0.0000    13431  0
 tai:  4  1  -0.9550E+10  0.0010    43131  0
 tai:  5  1  -0.6486E+08  0.0000    11781  0
 tai:  1  2  -0.4649E+09  0.0010    11451  0
 tai:  2  2  -0.2447E+10  0.0005    10131  0
 tai:  3  2  -0.1715E+10  0.0003    10395  0
 tai:  4  2  -0.3785E+10  0.0004    10065  0
 tai:  5  2  -0.7385E+09  0.0004    10131  0
 tai:  1  3  -0.6347E+08  0.0001    10131  0
 tai:  2  3  -0.6963E+10  0.0016    99759  2
 tai:  3  3  -0.4093E+09  0.0000    10065  0
 tai:  4  3  -0.9461E+10  0.0010    38841  0
 tai:  5  3  -0.6335E+08  0.0001    14223  0
 tai:   0.2703E-03   0.6746E-0414223    0
 tai:  1  1   0.6133E+05  0.0010    11121  0
 tai:  2  1  -0.1608E+06  1.3530    72435  2
 tai:  3  1  -0.2917E+06  0.0003    10065  0
 tai:  4  1  -0.1196E+08  0.0037    84051  2
 tai:  5  1  -0.1202E+06  0.0008    10461  0
 tai:  1  2   0.7237E+06  0.0018    98043  2
 tai:  2  2  -0.1618E+06  0.0181    96591  2
 tai:  3  2  -0.1158E+07  0.0010    51777  0
 tai:  4  2  -0.4601E+07  0.0010    87153  0
 tai:  5  2  -0.1488E+07  0.0013    99957  2
 tai:  1  3   0.6743E+05  0.0008    10923  0
 tai:  2  3   0.9284E+05  2.1646    91245  2
 tai:  3  3  -0.2525E+06  0.0003    11979  0
 tai:  4  3  -0.1166E+08  0.0075    99957  2
 tai:  5  3  -0.1146E+06  0.0004    11319  0
 tai:   0.1939E-06   0.4045E-0311319    0
 tai:  1  1  -0.3633E+08  0.0001    10725  0
 tai:  2  1  -0.3964E+10  0.0031    85041  2
 tai:  3  1  -0.2404E+09  0.0000    10065  0
 tai:  4  1  -0.5597E+10  0.0010    12111  0
 tai:  5  1  -0.3940E+08  0.0001    10197  0
 tai:  1  2  -0.2625E+09  0.0010    16863  0
 tai:  2  2  -0.1386E+10  0.0004    11055  0
 tai:  3  2  -0.9852E+09  0.0002    10263  0
 tai:  4  2  -0.2219E+10  0.0004    10065  0
 tai:  5  2  -0.4715E+09  0.0008    10461  0
 tai:  1  3  -0.3555E+08  0.0001    10065  0
 tai:  2  3  -0.3937E+10  0.0019    98109  2
 tai:  3  3  -0.2357E+09  0.0000    10527  0
 tai:  4  3  -0.5560E+10  0.0010    11055  0
 tai:  5  3  -0.3873E+08  0.0001    10527  0
 tai:   0.1563E-03   0.7462E-0410527    0
 tai:  1  1   0.1528E+06  0.0002    10923  0
 tai:  2  1   0.1080E+08  0.0050    99561  2
 tai:  3  1   0.4045E+06  0.0001    10131  0
 tai:  4  1   0.4456E+07  0.0067    85371  2
 tai:  5  1   -6950.      0.0010    57585  0
 tai:  1  2   0.1300E+07  0.0010    57849  0
 tai:  2  2   0.3646E+07  0.0010    91707  0
 tai:  3  2   0.1655E+07  0.0010    14223  0
 tai:  4  2   0.1841E+07  0.0015    99297  2
 tai:  5  2  -0.2830E+06  0.0047    70851  2
 tai:  1  3   0.1547E+06  0.0003    11055  0
 tai:  2  3   0.1087E+08  0.0065    99495  2
 tai:  3  3   0.4175E+06  0.0001    10263  0
 tai:  4  3   0.4565E+07  0.0064    99561  2
 tai:  5  3   -4888.      0.0010    55341  0
 tai:  -0.2497E-06   0.9845E-0355341    0
 tai:  1  1  -0.2856E+08  0.0001    10461  0
 tai:  2  1  -0.3062E+10  0.0030    69465  2
 tai:  3  1  -0.1833E+09  0.0000    12111  0
 tai:  4  1  -0.4259E+10  0.0010    15807  0
 tai:  5  1  -0.2998E+08  0.0001    13893  0
 tai:  1  2  -0.2111E+09  0.0010    11715  0
 tai:  2  2  -0.1072E+10  0.0004    10065  0
 tai:  3  2  -0.7549E+09  0.0002    10329  0
 tai:  4  2  -0.1692E+10  0.0004    10131  0
 tai:  5  2  -0.3657E+09  0.0007    10791  0
 tai:  1  3  -0.2836E+08  0.0001    10395  0
 tai:  2  3  -0.3054E+10  0.0030    69465  2
 tai:  3  3  -0.1821E+09  0.0000    10197  0
 tai:  4  3  -0.4249E+10  0.0010    15807  0
 tai:  5  3  -0.2981E+08  0.0001    10791  0
 tai:   0.1200E-03   0.1051E-0310791    0
 tai:  1  1   0.7240E+05  0.0002    10263  0
 tai:  2  1   0.5664E+07  0.0046    98307  2
 tai:  3  1   0.2456E+06  0.0000    10197  0
 tai:  4  1   0.3731E+07  0.0016    94677  2
 tai:  5  1   0.1113E+05  0.0007    10527  0
 tai:  1  2   0.5955E+06  0.0010    43791  0
 tai:  2  2   0.1914E+07  0.0010    14685  0
 tai:  3  2   0.9988E+06  0.0010    11583  0
 tai:  4  2   0.1507E+07  0.0010    52239  0
 tai:  5  2   0.3890E+05  0.0145    99825  2
 tai:  1  3   0.7228E+05  0.0001    10065  0
 tai:  2  3   0.5663E+07  0.0045    92103  2
 tai:  3  3   0.2452E+06  0.0000    10329  0
 tai:  4  3   0.3729E+07  0.0017    94677  2
 tai:  5  3   0.1111E+05  0.0009    10131  0
 tai:  -0.1531E-06   0.8833E-0310131    0
 tai:  1  1  -0.2836E+08  0.0001    10395  0
 tai:  2  1  -0.3054E+10  0.0030    69465  2
 tai:  3  1  -0.1821E+09  0.0000    10197  0
 tai:  4  1  -0.4250E+10  0.0010    15873  0
 tai:  5  1  -0.2981E+08  0.0001    10791  0
 tai:  1  2  -0.2111E+09  0.0010    11715  0
 tai:  2  2  -0.1072E+10  0.0004    10065  0
 tai:  3  2  -0.7549E+09  0.0002    10329  0
 tai:  4  2  -0.1692E+10  0.0004    10131  0
 tai:  5  2  -0.3657E+09  0.0007    10791  0
 tai:  1  3  -0.2856E+08  0.0001    10461  0
 tai:  2  3  -0.3062E+10  0.0030    69465  2
 tai:  3  3  -0.1833E+09  0.0000    12111  0
 tai:  4  3  -0.4259E+10  0.0010    15741  0
 tai:  5  3  -0.2998E+08  0.0001    13893  0
 tai:   0.1200E-03   0.6625E-0413893    0
 tai:  1  1  -0.7228E+05  0.0001    10065  0
 tai:  2  1  -0.5663E+07  0.0045    92103  2
 tai:  3  1  -0.2452E+06  0.0000    10329  0
 tai:  4  1  -0.3729E+07  0.0017    94743  2
 tai:  5  1  -0.1111E+05  0.0009    10131  0
 tai:  1  2  -0.5955E+06  0.0010    43791  0
 tai:  2  2  -0.1914E+07  0.0010    14685  0
 tai:  3  2  -0.9988E+06  0.0010    11583  0
 tai:  4  2  -0.1507E+07  0.0010    52239  0
 tai:  5  2  -0.3890E+05  0.0145    99825  2
 tai:  1  3  -0.7240E+05  0.0002    10263  0
 tai:  2  3  -0.5664E+07  0.0045    99363  2
 tai:  3  3  -0.2456E+06  0.0000    10197  0
 tai:  4  3  -0.3731E+07  0.0016    94677  2
 tai:  5  3  -0.1113E+05  0.0007    10527  0
 tai:   0.1531E-06   0.7403E-0310527    0
 tai:  1  1  -0.3555E+08  0.0001    10065  0
 tai:  2  1  -0.3937E+10  0.0019    98109  2
 tai:  3  1  -0.2357E+09  0.0000    10527  0
 tai:  4  1  -0.5560E+10  0.0010    11055  0
 tai:  5  1  -0.3873E+08  0.0001    10527  0
 tai:  1  2  -0.2625E+09  0.0010    16863  0
 tai:  2  2  -0.1386E+10  0.0004    11055  0
 tai:  3  2  -0.9852E+09  0.0002    10263  0
 tai:  4  2  -0.2219E+10  0.0004    10065  0
 tai:  5  2  -0.4715E+09  0.0008    10461  0
 tai:  1  3  -0.3633E+08  0.0001    10725  0
 tai:  2  3  -0.3963E+10  0.0031    84909  2
 tai:  3  3  -0.2404E+09  0.0000    10065  0
 tai:  4  3  -0.5597E+10  0.0010    12111  0
 tai:  5  3  -0.3940E+08  0.0001    10197  0
 tai:   0.1563E-03   0.6762E-0410197    0
 tai:  1  1  -0.1547E+06  0.0003    11055  0
 tai:  2  1  -0.1087E+08  0.0065    99495  2
 tai:  3  1  -0.4175E+06  0.0001    10131  0
 tai:  4  1  -0.4565E+07  0.0064    99561  2
 tai:  5  1    4888.      0.0010    55341  0
 tai:  1  2  -0.1300E+07  0.0010    57849  0
 tai:  2  2  -0.3646E+07  0.0010    91707  0
 tai:  3  2  -0.1655E+07  0.0010    14223  0
 tai:  4  2  -0.1841E+07  0.0015    99297  2
 tai:  5  2   0.2830E+06  0.0047    70851  2
 tai:  1  3  -0.1528E+06  0.0002    10923  0
 tai:  2  3  -0.1080E+08  0.0063    99033  2
 tai:  3  3  -0.4045E+06  0.0001    10131  0
 tai:  4  3  -0.4456E+07  0.0067    85371  2
 tai:  5  3    6950.      0.0010    57585  0
 tai:   0.2498E-06   0.9792E-0357585    0
 tai:  1  1  -0.6347E+08  0.0001    10131  0
 tai:  2  1  -0.6964E+10  0.0016    99759  2
 tai:  3  1  -0.4093E+09  0.0000    10065  0
 tai:  4  1  -0.9462E+10  0.0010    38841  0
 tai:  5  1  -0.6335E+08  0.0001    14223  0
 tai:  1  2  -0.4649E+09  0.0010    11451  0
 tai:  2  2  -0.2447E+10  0.0005    10131  0
 tai:  3  2  -0.1715E+10  0.0003    10395  0
 tai:  4  2  -0.3785E+10  0.0004    10065  0
 tai:  5  2  -0.7385E+09  0.0004    10131  0
 tai:  1  3  -0.6533E+08  0.0001    13167  0
 tai:  2  3  -0.7033E+10  0.0015    99231  2
 tai:  3  3  -0.4204E+09  0.0000    13893  0
 tai:  4  3  -0.9550E+10  0.0010    43131  0
 tai:  5  3  -0.6486E+08  0.0000    11781  0
 tai:   0.2703E-03   0.4749E-0411781    0
 tai:  1  1  -0.6743E+05  0.0008    10923  0
 tai:  2  1  -0.9279E+05  2.1659    91245  2
 tai:  3  1   0.2525E+06  0.0003    11979  0
 tai:  4  1   0.1166E+08  0.0076    99957  2
 tai:  5  1   0.1146E+06  0.0004    11319  0
 tai:  1  2  -0.7237E+06  0.0018    98043  2
 tai:  2  2   0.1618E+06  0.0181    96591  2
 tai:  3  2   0.1158E+07  0.0010    51777  0
 tai:  4  2   0.4601E+07  0.0010    87153  0
 tai:  5  2   0.1488E+07  0.0013    99957  2
 tai:  1  3  -0.6133E+05  0.0010    11121  0
 tai:  2  3   0.1607E+06  1.3543    72435  2
 tai:  3  3   0.2917E+06  0.0003    10065  0
 tai:  4  3   0.1196E+08  0.0037    84051  2
 tai:  5  3   0.1202E+06  0.0008    10461  0
 tai:  -0.1939E-06   0.7682E-0310461    0
 tai:  1  1  -0.1210E+09  0.0001    10131  0
 tai:  2  1  -0.1292E+11  0.0012    91575  2
 tai:  3  1  -0.7402E+09  0.0000    10989  0
 tai:  4  1  -0.1651E+11  0.0015    76659  2
 tai:  5  1  -0.1044E+09  0.0001    10461  0
 tai:  1  2  -0.8675E+09  0.0010    10527  0
 tai:  2  2  -0.4501E+10  0.0005    10065  0
 tai:  3  2  -0.3073E+10  0.0002    10131  0
 tai:  4  2  -0.6574E+10  0.0006    11715  0
 tai:  5  2  -0.1138E+10  0.0005    10065  0
 tai:  1  3  -0.1241E+09  0.0001    10263  0
 tai:  2  3  -0.1304E+11  0.0010    94083  0
 tai:  3  3  -0.7582E+09  0.0000    10065  0
 tai:  4  3  -0.1665E+11  0.0015    76725  2
 tai:  5  3  -0.1067E+09  0.0001    10461  0
 tai:   0.4826E-03   0.1367E-0310461    0
 tai:  1  1   0.1598E+06  0.0005    10065  0
 tai:  2  1   0.2255E+08  0.0087    96789  2
 tai:  3  1   0.1481E+07  0.0001    10263  0
 tai:  4  1   0.3690E+08  0.0060    73227  2
 tai:  5  1   0.2576E+06  0.0002    10131  0
 tai:  1  2   0.8364E+06  0.0019    97713  2
 tai:  2  2   0.7836E+07  0.0010    17853  0
 tai:  3  2   0.6090E+07  0.0006    10065  0
 tai:  4  2   0.1448E+08  0.0010    25971  0
 tai:  5  2   0.2767E+07  0.0010    55605  0
 tai:  1  3   0.1656E+06  0.0004    11649  0
 tai:  2  3   0.2277E+08  0.0081    96789  2
 tai:  3  3   0.1518E+07  0.0001    10461  0
 tai:  4  3   0.3719E+08  0.0064    73095  2
 tai:  5  3   0.2624E+06  0.0003    10131  0
 tai:  -0.9703E-06   0.2929E-0310131    0
 tai:  1  1  -0.1797E+09  0.0002    10923  0
 tai:  2  1  -0.1880E+11  0.0025    83061  2
 tai:  3  1  -0.1063E+10  0.0000    10395  0
 tai:  4  1  -0.2303E+11  0.0006    15609  0
 tai:  5  1  -0.1398E+09  0.0001    10527  0
 tai:  1  2  -0.1247E+10  0.0006    10131  0
 tai:  2  2  -0.6477E+10  0.0003    13761  0
 tai:  3  2  -0.4340E+10  0.0002    10527  0
 tai:  4  2  -0.9079E+10  0.0004    11847  0
 tai:  5  2  -0.1436E+10  0.0003    10263  0
 tai:  1  3  -0.1816E+09  0.0002    10065  0
 tai:  2  3  -0.1887E+11  0.0027    83193  2
 tai:  3  3  -0.1074E+10  0.0001    10263  0
 tai:  4  3  -0.2311E+11  0.0007    10857  0
 tai:  5  3  -0.1410E+09  0.0001    10065  0
 tai:   0.6823E-03   0.1051E-0310065    0
 tai:  1  1   0.1677E+06  0.0003    10065  0
 tai:  2  1   0.1930E+08  0.0065    95073  2
 tai:  3  1   0.1182E+07  0.0001    10065  0
 tai:  4  1   0.2655E+08  0.0015    90783  2
 tai:  5  1   0.1718E+06  0.0002    10065  0
 tai:  1  2   0.9355E+06  0.0010    73755  0
 tai:  2  2   0.6477E+07  0.0010    18975  0
 tai:  3  2   0.4607E+07  0.0006    10065  0
 tai:  4  2   0.1020E+08  0.0010    10197  0
 tai:  5  2   0.1654E+07  0.0008    10263  0
 tai:  1  3   0.1574E+06  0.0002    10593  0
 tai:  2  3   0.1894E+08  0.0067    95073  2
 tai:  3  3   0.1128E+07  0.0001    10065  0
 tai:  4  3   0.2617E+08  0.0008    73227  0
 tai:  5  3   0.1655E+06  0.0001    10395  0
 tai:  -0.7363E-06   0.1458E-0310395    0
